255 255 255 255 255 255 255 255 255 255 255 255 255 255 255 255
255 235 183 183 183 186 239 212 212 239 186 183 183 183 235 255
255 183  56 120 120   8 199 104 124 207   8 120 120  56 183 255
255 183 120 145  88   8 199 104 147 215   8  88 145 120 183 255
255 183 120  88   0   8 246 231 202 235   8   0  88 120 183 255
255 186   8   8   8  16 253 147 105 238  16   8   8   8 186 255
255 255 229 199 246 253 156  23  56 211 201 246 218 255 255 255
255 226 129 104 144 147   0 104 237 168 105 231 156 255 255 255
255 214 126 189 161 108  84  42 123 148 210 202 169 177 225 255
255 251 228 231 253 239 230 199 128 217 240  67 155 133 244 255
255 186   8   8   8  16 201   8 151  61 247 248 252 120 186 255
255 183 120  88   0   8 246 144  60 215  47  73 167   0 183 255
255 183 120 145  88   8 218 120 148 160 167 181 197  41 183 255
255 183  56 120 120   8 225  71  71 132 135  19 166 191 221 255
255 235 183 183 183 186 239 183 183 239 255 183 208 255 255 255
255 255 255 255 255 255 255 255 255 255 255 255 255 255 255 255
255 255 255 255 255 255 255 255 255 255 255 255 255 255 255 255
255 235 183 183 183 186 239 212 212 239 186 183 183 183 235 255
255 183  56 120 120   8 199 104 124 207   8 120 120  56 183 255
255 183 120 145  88   8 199 104 147 215   8  88 145 120 183 255
255 183 120  88   0   8 246 231 202 235   8   0  88 120 183 255
255 186   8   8   8  16 253 147 105 238  16   8   8   8 186 255
255 255 229 199 246 253 156  23  56 211 201 246 218 255 255 255
255 226 129 104 144 147   0 104 237 168 105 231 156 255 255 255
255 214 126 189 161 108  84  42 123 148 210 202 169 177 225 255
255 251 228 231 253 239 230 199 128 217 240  67 155 133 244 255
255 186   8   8   8  16 201   8 151  61 247 248 252 120 186 255
255 183 120  88   0   8 246 144  60 215  47  73 167   0 183 255
255 183 120 145  88   8 218 120 148 160 167 181 197  41 183 255
255 183  56 120 120   8 225  71  71 132 135  19 166 191 221 255
255 235 183 183 183 186 239 183 183 239 255 183 208 255 255 255
255 255 255 255 255 255 255 255 255 255 255 255 255 255 255 255
255 255 255 255 255 255 255 255 255 255 255 255 255 255 255 255
255 235 183 183 183 186 239 212 212 239 186 183 183 183 235 255
255 183  56 120 120   8 199 104 124 207   8 120 120  56 183 255
255 183 120 145  88   8 199 104 147 215   8  88 145 120 183 255
255 183 120  88   0   8 246 231 202 235   8   0  88 120 183 255
255 186   8   8   8  16 253 147 105 238  16   8   8   8 186 255
255 255 229 199 246 253 156  23  56 211 201 246 218 255 255 255
255 226 129 104 144 147   0 104 237 168 105 231 156 255 255 255
255 214 126 189 161 108  84  42 123 148 210 202 169 177 225 255
255 251 228 231 253 239 230 199 128 217 240  67 155 133 244 255
255 186   8   8   8  16 201   8 151  61 247 248 252 120 186 255
255 183 120  88   0   8 246 144  60 215  47  73 167   0 183 255
255 183 120 145  88   8 218 120 148 160 167 181 197  41 183 255
255 183  56 120 120   8 225  71  71 132 135  19 166 191 221 255
255 235 183 183 183 186 239 183 183 239 255 183 208 255 255 255
255 255 255 255 255 255 255 255 255 255 255 255 255 255 255 255

255 255 255 255 255 255 255 255 255 255 255 255 255 255 255 255
255 235 183 183 183 186 255 255 225 244 186 183 183 221 255 255
255 183  56 120 120   8 255 255 177 133 120   0  41 191 255 255
255 183 120 145  88   8 218 156 169 155 252 167 197 166 208 255
255 183 120  88   0   8 246 231 202  67 248  73 181  19 183 255
255 186   8   8   8  16 201 105 210 240 247  47 167 135 255 255
255 239 207 215 235 238 211 168 148 217  61 215 160 132 239 255
255 212 124 147 202 105  56 237 123 128 151  60 148  71 183 255
255 212 104 104 231 147  23 104  42 199   8 144 120  71 183 255
255 239 199 199 246 253 156   0  84 230 201 246 218 225 239 255
255 186   8   8   8  16 253 147 108 239  16   8   8   8 186 255
255 183 120  88   0   8 246 144 161 253   8   0  88 120 183 255
255 183 120 145  88   8 199 104 189 231   8  88 145 120 183 255
255 183  56 120 120   8 229 129 126 228   8 120 120  56 183 255
255 235 183 183 183 186 255 226 214 251 186 183 183 183 235 255
255 255 255 255 255 255 255 255 255 255 255 255 255 255 255 255
255 255 255 255 255 255 255 255 255 255 255 255 255 255 255 255
255 235 183 183 183 186 255 255 225 244 186 183 183 221 255 255
255 183  56 120 120   8 255 255 177 133 120   0  41 191 255 255
255 183 120 145  88   8 218 156 169 155 252 167 197 166 208 255
255 183 120  88   0   8 246 231 202  67 248  73 181  19 183 255
255 186   8   8   8  16 201 105 210 240 247  47 167 135 255 255
255 239 207 215 235 238 211 168 148 217  61 215 160 132 239 255
255 212 124 147 202 105  56 237 123 128 151  60 148  71 183 255
255 212 104 104 231 147  23 104  42 199   8 144 120  71 183 255
255 239 199 199 246 253 156   0  84 230 201 246 218 225 239 255
255 186   8   8   8  16 253 147 108 239  16   8   8   8 186 255
255 183 120  88   0   8 246 144 161 253   8   0  88 120 183 255
255 183 120 145  88   8 199 104 189 231   8  88 145 120 183 255
255 183  56 120 120   8 229 129 126 228   8 120 120  56 183 255
255 235 183 183 183 186 255 226 214 251 186 183 183 183 235 255
255 255 255 255 255 255 255 255 255 255 255 255 255 255 255 255
255 255 255 255 255 255 255 255 255 255 255 255 255 255 255 255
255 235 183 183 183 186 255 255 225 244 186 183 183 221 255 255
255 183  56 120 120   8 255 255 177 133 120   0  41 191 255 255
255 183 120 145  88   8 218 156 169 155 252 167 197 166 208 255
255 183 120  88   0   8 246 231 202  67 248  73 181  19 183 255
255 186   8   8   8  16 201 105 210 240 247  47 167 135 255 255
255 239 207 215 235 238 211 168 148 217  61 215 160 132 239 255
255 212 124 147 202 105  56 237 123 128 151  60 148  71 183 255
255 212 104 104 231 147  23 104  42 199   8 144 120  71 183 255
255 239 199 199 246 253 156   0  84 230 201 246 218 225 239 255
255 186   8   8   8  16 253 147 108 239  16   8   8   8 186 255
255 183 120  88   0   8 246 144 161 253   8   0  88 120 183 255
255 183 120 145  88   8 199 104 189 231   8  88 145 120 183 255
255 183  56 120 120   8 229 129 126 228   8 120 120  56 183 255
255 235 183 183 183 186 255 226 214 251 186 183 183 183 235 255
255 255 255 255 255 255 255 255 255 255 255 255 255 255 255 255

255 255 254 254 254 254 254 254 254 254 254 254 254 254 254 255
254 251 236 204 199 244 223 188 185 230 187 194 194 191 236 254
254 219 183 171  90 186 148 110  87 194  61 126 121  99 199 254
254 186 107 215 135 169 191 165 114 192  70 103  85 110 201 254
254 183  60 163  40  75 166  89 174 245  70 116  99 114 201 254
254 199 159 236 126 156  75 137  94 192  52  99  98  76 196 254
254 234 112 126  63 170 215 138 137 160 208 245 206 208 240 254
254 232 186 180 202 202 136 120  80  92 117 181 153 122 212 254
255 250 197 147 191 133 174 202 107  37 110 148  91  98 213 254
255 251 213 202 197 181 195  64  25 120 199 233 187 192 236 254
254 187  60  68  68  51 188  80 117 193  40  68  68  55 193 254
254 194 126 103 116  95 191 161 186 198  70 122 106 116 201 254
254 194 122  85  99  96 213 178 127 195  70 106  88 111 201 254
254 191  99 110 114  75 196 153 122 192  56 116 111  91 197 254
254 235 198 201 201 196 233 218 222 243 193 201 201 197 237 254
255 254 254 254 254 254 254 254 254 254 254 254 254 254 254 254
255 255 254 254 254 254 254 254 254 254 254 254 254 254 254 255
254 251 236 204 199 244 223 188 185 230 187 194 194 191 236 254
254 219 183 171  90 186 148 110  87 194  61 126 121  99 199 254
254 186 107 215 135 169 191 165 114 192  70 103  85 110 201 254
254 183  60 163  40  75 166  89 174 245  70 116  99 114 201 254
254 199 159 236 126 156  75 137  94 192  52  99  98  76 196 254
254 234 112 126  63 170 215 138 137 160 208 245 206 208 240 254
254 232 186 180 202 202 136 120  80  92 117 181 153 122 212 254
255 250 197 147 191 133 174 202 107  37 110 148  91  98 213 254
255 251 213 202 197 181 195  64  25 120 199 233 187 192 236 254
254 187  60  68  68  51 188  80 117 193  40  68  68  55 193 254
254 194 126 103 116  95 191 161 186 198  70 122 106 116 201 254
254 194 122  85  99  96 213 178 127 195  70 106  88 111 201 254
254 191  99 110 114  75 196 153 122 192  56 116 111  91 197 254
254 235 198 201 201 196 233 218 222 243 193 201 201 197 237 254
255 254 254 254 254 254 254 254 254 254 254 254 254 254 254 254
255 255 254 254 254 254 254 254 254 254 254 254 254 254 254 255
254 251 236 204 199 244 223 188 185 230 187 194 194 191 236 254
254 219 183 171  90 186 148 110  87 194  61 126 121  99 199 254
254 186 107 215 135 169 191 165 114 192  70 103  85 110 201 254
254 183  60 163  40  75 166  89 174 245  70 116  99 114 201 254
254 199 159 236 126 156  75 137  94 192  52  99  98  76 196 254
254 234 112 126  63 170 215 138 137 160 208 245 206 208 240 254
254 232 186 180 202 202 136 120  80  92 117 181 153 122 212 254
255 250 197 147 191 133 174 202 107  37 110 148  91  98 213 254
255 251 213 202 197 181 195  64  25 120 199 233 187 192 236 254
254 187  60  68  68  51 188  80 117 193  40  68  68  55 193 254
254 194 126 103 116  95 191 161 186 198  70 122 106 116 201 254
254 194 122  85  99  96 213 178 127 195  70 106  88 111 201 254
254 191  99 110 114  75 196 153 122 192  56 116 111  91 197 254
254 235 198 201 201 196 233 218 222 243 193 201 201 197 237 254
255 254 254 254 254 254 254 254 254 254 254 254 254 254 254 254

255 255 254 254 254 254 255 254 254 255 254 254 254 254 255 255
255 236 194 196 196 189 240 210 209 234 189 196 196 192 234 255
254 197  99 114 117  73 211 123  98 189  61 119 113  96 192 254
254 200 118  86  94  94 209 153  97 182  73 105  82 113 196 254
254 200 124 109 117  95 247 186 149 233  74 126 105 119 196 254
254 195  66  75  76  52 210 119 106 195  50  74  75  62 189 254
255 231 190 188 243 189 161  93  40 113 190 197 192 186 240 255
254 192  85 119 168  92 144  78 114  29 112 191 135 127 221 254
254 195 109 164  92 139 140 118 202  72  80 157 174 150 213 254
255 228 149 191 171  67 220 142 166 202 192 195 217 201 234 255
255 246 189 168  76 160 168 203 138 176  51  91  92  71 189 254
255 205  93 138  51 134  64 199 193 196  72 117  94 117 196 254
254 210 170 215 161 240 122 177 153 197  73 109  86 114 196 254
255 239 182 106  60 157 116 183 203 213  65 124 118  99 193 254
255 252 224 193 190 203 237 233 251 252 196 200 200 197 236 255
255 255 255 254 254 254 255 255 255 255 254 254 254 254 255 255
255 255 254 254 254 254 255 254 254 255 254 254 254 254 255 255
255 236 194 196 196 189 240 210 209 234 189 196 196 192 234 255
254 197  99 114 117  73 211 123  98 189  61 119 113  96 192 254
254 200 118  86  94  94 209 153  97 182  73 105  82 113 196 254
254 200 124 109 117  95 247 186 149 233  74 126 105 119 196 254
254 195  66  75  76  52 210 119 106 195  50  74  75  62 189 254
255 231 190 188 243 189 161  93  40 113 190 197 192 186 240 255
254 192  85 119 168  92 144  78 114  29 112 191 135 127 221 254
254 195 109 164  92 139 140 118 202  72  80 157 174 150 213 254
255 228 149 191 171  67 220 142 166 202 192 195 217 201 234 255
255 246 189 168  76 160 168 203 138 176  51  91  92  71 189 254
255 205  93 138  51 134  64 199 193 196  72 117  94 117 196 254
254 210 170 215 161 240 122 177 153 197  73 109  86 114 196 254
255 239 182 106  60 157 116 183 203 213  65 124 118  99 193 254
255 252 224 193 190 203 237 233 251 252 196 200 200 197 236 255
255 255 255 254 254 254 255 255 255 255 254 254 254 254 255 255
255 255 254 254 254 254 255 254 254 255 254 254 254 254 255 255
255 236 194 196 196 189 240 210 209 234 189 196 196 192 234 255
254 197  99 114 117  73 211 123  98 189  61 119 113  96 192 254
254 200 118  86  94  94 209 153  97 182  73 105  82 113 196 254
254 200 124 109 117  95 247 186 149 233  74 126 105 119 196 254
254 195  66  75  76  52 210 119 106 195  50  74  75  62 189 254
255 231 190 188 243 189 161  93  40 113 190 197 192 186 240 255
254 192  85 119 168  92 144  78 114  29 112 191 135 127 221 254
254 195 109 164  92 139 140 118 202  72  80 157 174 150 213 254
255 228 149 191 171  67 220 142 166 202 192 195 217 201 234 255
255 246 189 168  76 160 168 203 138 176  51  91  92  71 189 254
255 205  93 138  51 134  64 199 193 196  72 117  94 117 196 254
254 210 170 215 161 240 122 177 153 197  73 109  86 114 196 254
255 239 182 106  60 157 116 183 203 213  65 124 118  99 193 254
255 252 224 193 190 203 237 233 251 252 196 200 200 197 236 255
255 255 255 254 254 254 255 255 255 255 254 254 254 254 255 255
